0.1	0.8187333333333334 -1.6374666666666726
0.2	0.6703242711111277 -1.3406485422238792
0.30000000000000004	0.5488168249058593 -1.0976336502842932
0.4	0.4493346298439001 -0.8986693972070536
0.5	0.36788564647328936 -0.7358113110493399
0.6000000000000001	0.30131873655877717 -0.6142827410210671
0.7000000000000001	0.28118172001645425 -3.9511363999551214
0.8	10.264482540329805 -1006.6618964180233
0.9	2928.3763547928324 -292821.4357287586
1.0	852109.5512434193 -8.521094186106618E7
1.1	2.4796384013883352E8 -2.4796384003024265E10
1.2000000000000002	7.215747744824646E10 -7.215747744815755E12
1.3	2.0997825937413395E13 -2.0997825937413322E15
1.4000000000000001	6.110367347787279E15 -6.1103673477872794E17
1.5	1.77811689820609894E18 -1.7781168982060994E20
1.6	5.174320173779751E20 -5.174320173779751E22
1.7000000000000002	1.5057271705699072E23 -1.5057271705699075E25
1.8	4.381666066358433E25 -4.3816660663584323E27
1.9000000000000001	1.2750648253103036E28 -1.2750648253103037E30
2.0	3.710438641652984E30 -3.7104386416529836E32
2.1	1.0797376447210185E33 -1.0797376447210185E35
2.2	3.1420365461381634E35 -3.1420365461381637E37
2.3000000000000003	9.143326349262057E37 -9.143326349262056E39
2.4000000000000004	2.6607079676352594E40 -2.6607079676352597E42
2.5	7.742660185818604E42 -7.742660185818604E44
2.6	2.2531141140732148E45 -2.2531141140732147E47
2.7	6.5565620719530546E47 -6.556562071953055E49
2.8000000000000003	1.907959562938339E50 -1.9079595629383392E52
2.9000000000000004	5.552162328150568E52 -5.5521623281505684E54
3.0	1.6156792374918159E55 -1.6156792374918162E57
